Dataset shape: (27351, 110)

Column Data Types:
               int64
HIS出院科室       object
住院号码           int64
病床号           object
病人姓名          object
              ...   
白介素17A 1      object
肿瘤坏死因子α      float64
肿瘤坏死因子α 1     object
干扰素γ          object
干扰素γ 1       float64
Length: 110, dtype: object

Summary Statistics:
                  count           mean           std        min          25%         50%          75%        max
                27351.0   13676.008775   7895.713122       1.00    6838.5000   13676.000   20513.5000   27357.00
住院号码            27351.0  414645.179262  46823.212230  330528.00  374725.0000  418622.000  453112.0000  492512.00
糖化血红蛋白           2197.0       8.805781      2.405908       4.50       6.9000       8.500      10.4000      20.00
葡萄糖(餐后2小时)       2434.0      13.300222      4.713217       3.19       9.8225      12.965      16.4375      33.99
反三碘甲状腺原氨酸        2486.0       0.733359      0.187168       0.25       0.6200       0.720       0.8300       3.47
促甲状腺素受体抗体1          0.0            NaN           NaN        NaN          NaN         NaN          NaN        NaN
游离甲状腺素           2547.0      16.167770      4.361172       4.18      14.3200      15.760      17.3700      98.91
游离三碘甲状腺原氨酸1       272.0       4.096544      0.753110       1.80       3.6500       4.095       4.5025       7.81
甲状腺球蛋白抗体            0.0            NaN           NaN        NaN          NaN         NaN          NaN        NaN
总三碘甲状腺原氨酸        2526.0       1.664576      0.487381       0.24       1.4100       1.640       1.8800      10.06
低密度脂蛋白           3108.0       2.978134      1.087014       0.34       2.1900       2.930       3.7100       8.28
25-羟基维生素D2         35.0      19.176857      9.153313       5.99      11.1250      18.380      23.5400      40.90
碱性磷酸酶1            831.0      89.030337     92.825180      26.05      61.9800      77.570     100.9850    2467.26
骨源碱性磷酸酶1            0.0            NaN           NaN        NaN          NaN         NaN          NaN        NaN
骨钙素(N-MID)       2619.0      12.657476      6.413638       1.75       8.7100      11.320      14.8150      94.85
甲状旁腺激素           1715.0       3.122402      1.227101       0.55       2.4000       2.940       3.6100      19.04
甲状旁腺激素1          1005.0       4.163990      2.338794       0.84       2.8500       3.730       4.7800      31.28
甲状旁腺激素（pg/ml）       0.0            NaN           NaN        NaN          NaN         NaN          NaN        NaN
甲状旁腺激素（pg/ml）1   2719.0      33.058882     16.912240       5.19      23.8600      29.800      37.9100     294.97
尿钙               2297.0       3.320966      2.157913       0.25       1.7400       2.910       4.4200      15.20
24小时尿磷           1419.0      22.201889     12.744217       0.08      14.6100      19.800      26.6100     116.07
尿肌酐              3428.0    7692.267795   4906.745391     427.80    4164.7750    6460.500    9871.7000   33375.30
天门冬氨酸转氨酶          839.0      36.094601     22.131250      13.00      24.0000      29.540      40.3250     271.74
总胆红素              834.0      12.100492      5.904248       2.24       8.2250      11.065      14.6700      83.01
糖化白蛋白            2576.0      24.792120      8.966055       5.80      17.9000      23.400      30.1250      71.10
总胆固醇             3116.0       4.671983      1.285771       1.55       3.8400       4.580       5.3600      20.98
甘油三酯                0.0            NaN           NaN        NaN          NaN         NaN          NaN        NaN
总I型胶原氨基端延长肽      2617.0      46.328143     26.824765       6.75      30.6000      40.310      54.1200     481.30
雌二醇(30分钟）           0.0            NaN           NaN        NaN          NaN         NaN          NaN        NaN
雌二醇(60分钟）           0.0            NaN           NaN        NaN          NaN         NaN          NaN        NaN
雌二醇(90分钟）           0.0            NaN           NaN        NaN          NaN         NaN          NaN        NaN
促卵泡成熟素           2262.0      24.004876     25.032376       0.30       6.4100      11.030      39.2225     150.12
促卵泡成熟素（30分钟）        0.0            NaN           NaN        NaN          NaN         NaN          NaN        NaN
促卵泡成熟素（60分钟）        0.0            NaN           NaN        NaN          NaN         NaN          NaN        NaN
促卵泡成熟素（90分钟）        0.0            NaN           NaN        NaN          NaN         NaN          NaN        NaN
促黄体生成素（30分钟）        0.0            NaN           NaN        NaN          NaN         NaN          NaN        NaN
促黄体生成素（60分钟）        0.0            NaN           NaN        NaN          NaN         NaN          NaN        NaN
促黄体生成素（90分钟）        0.0            NaN           NaN        NaN          NaN         NaN          NaN        NaN
维生素B12 1         1300.0     302.538546    156.210852      15.61     204.9700     275.945     358.0875    1409.43
白介素1β 1           494.0       1.502146      6.853906       0.00       0.0000       0.510       1.1000     102.48
白介素2              494.0       2.095425      4.768594       0.00       0.0000       0.970       2.9750      65.00
白介素2受体            191.0     433.487539    226.006640       3.88     290.8500     397.500     486.9500    1501.00
白介素4              494.0       2.230931      7.837932       0.00       0.0000       0.945       2.5700     121.03
白介素5              494.0       0.896984      7.337565       0.00       0.0000       0.100       0.8000     157.00
白介素6              494.0      16.676984     65.755631       0.00       2.2475       4.490       8.0900     797.37
白介素8              494.0      87.770162    263.703479       0.00       4.7600      15.335      42.6200    4116.41
白介素10             494.0       3.676296     12.777172       0.00       0.9275       2.200       3.5400     228.02
白介素10 1           191.0       3.126387      1.430373       0.00       2.4650       2.970       3.5600      11.26
白介素17A            494.0       2.919777      9.592981       0.00       0.0000       0.725       2.4375     129.69
肿瘤坏死因子α           494.0       4.703502     18.811564       0.00       0.0000       0.600       3.2925     320.15
干扰素γ 1            494.0       1.807834      5.845025       0.00       0.0000       0.810       2.0550      91.82

Missing Values:
           Missing Values  Percentage
钾                   22666   82.870827
钠                   22720   83.068261
氯                   22720   83.068261
钙                   23211   84.863442
磷                   23826   87.111989
...                   ...         ...
白介素17A 1            27160   99.301671
肿瘤坏死因子α             26857   98.193850
肿瘤坏死因子α 1           27160   99.301671
干扰素γ                27160   99.301671
干扰素γ 1              26857   98.193850

[102 rows x 2 columns]